' for a2 in sqc
 1.88,1.023,.729,.577,.483,.419,.373,.337,.308,.285,.266,.249,.235,.223
 .212,.203,.194,.187,.18,.173,.167,.162,.157,.153
' for d3 from 7 to 25
 .076,.136,.184,.223,.256,.284,.308,.329,.348,.364,.379,.392,.404,.414
 .425,.434,.443,.452,.459
' for d4 from 2 to 25
 3.267,2.575,2.282,2.115,2.004,1.924,1.864,1.816,1.777,1.744,1.716,1.692
 1.671,1.652,1.636,1.621,1.608,1.596,1.586,1.575,1.566,1.557,1.548,1.541
'Bowker/Lieberman page 462
' for v0-1 to v 49-3
 44.89,58.04,89.781
 10.946,13.349,18.681
  6.509, 7.699, 10.28
 4.89,5.675,7.352
 4.057,4.646,5.89
 3.549,4.023,5.017
 3.206,3.604,4.435
 2.957,3.303,4.019
 2.768,3.074,3.707
 2.618,2.895,3.462
 2.497,2.75,3.265
 2.397,2.63,3.104
 2.312, 2.528, 2.968
 2.24, 2.442, 2.852
 2.177, 2.367, 2.752
 2.122, 2.302, 2.665
 2.073, 2.244, 2.588
 2.029, 2.192, 2.52
 1.99, 2.145, 2.458
 1.954, 2.103, 2.403
 1.922, 2.065, 2.352
 1.892, 2.03, 2.307
 1.865, 1.999, 2.265
 1.84, 1.969, 2.226
 1.817, 1.942, 2.191
 1.795, 1.917, 2.158
 1.775, 1.893, 2.127
 1.757, 1.871, 2.098
 1.739, 1.85, 2.071
 1.723, 1.831, 2.046
 1.707, 1.813, 2.023
 1.692, 1.796, 2.001
 1.679, 1.78, 1.98
 1.665, 1.764, 1.96
 1.653, 1.75, 1.941
 1.641, 1.736, 1.923
 1.63,1.723,1.906
 1.619,1.71,1.89
 1.609,1.698,1.875
 1.599,1.687,1.86
 1.59,1.676,1.846
 1.581,1.666,1.833
 1.572, 1.656, 1.82
 1.564, 1.646, 1.807
 1.556, 1.637, 1.796
 1.548, 1.628, 1.784
 1.541, 1.619, 1.773
 1.534, 1.611, 1.763
 1.527, 1.603, 1.752
 1.521, 1.596, 1.743
'v0-4 to 49-4
 229.105, 298.073, 458.21
 26.184, 31.933, 44.686
 12.206, 14.439, 19.278
 8.115, 9.418, 12.202
 6.249, 7.156, 9.072
 5.195, 5.889, 7.343
 4.52, 5.082, 6.253
 4.05, 4.524, 5.506
 3.705, 4.115, 4.962
 3.44, 3.803,  4.548
 3.229,3.555,4.222
 3.058, 3.354, 3.959
 2.915, 3.188, 3.742
 2.795,3.047, 3.559
 2.692, 2.927, 3.403
 2.603, 2.823, 3.269
 2.524, 2.732, 3.151
 2.455, 2.652, 3.048
 2.393, 2.58, 2.956
 2.337, 2.516, 2.874
 2.287, 2.458, 2.799
 2.241, 2.405, 2.733
 2.2,  2.357,2.671
 2.162, 2.313, 2.615
 2.126, 2.272, 2.564
 2.094, 2.235, 2.516
 2.064, 2.2,  2.472
 2.035, 2.168, 2.431
 2.009, 2.138, 2.393
 1.985, 2.11, 2.358
 1.962, 2.083, 2.324
 1.94, 2.059, 2.293
 1.92, 2.035, 2.264
 1.9,2.013,2.236
 1.882,  1.992, 2.21
 1.865, 1.973, 2.185
 1.848, 1.954, 2.162
 1.833, 1.936, 2.139
 1.818, 1.92, 2.118
 1.804, 1.903, 2.098
 1.79, 1.887, 2.079
 1.777, 1.873, 2.06
 1.765, 1.859, 2.043
 1.753, 1.845, 2.026
 1.742, 1.832, 2.01
 1.731, 1.82, 1.994
 1.72, 1.808, 1.98
 1.71, 1.796, 1.965
 1.701, 1.785, 1.952
 1.691, 1.775, 1.938
' w(0-1) to w(49-2)
  .052,  .01
 .355,  .149
 .818,  .436
 1.366, .823
 1.97,  1.279
 2.613,  1.785
 3.286,  2.33
 3.981,  2.906
 4.695,  3.507
 5.426,  4.13
 6.169,  4.771
 6.924,  5.428
 7.69,  6.099
 8.464, 6.782
 9.246,  7.477
 10.035,  8.181
 10.831,  8.895
 11.633,  9.616
 12.442,  10.346
 13.254,  11.082
 14.072,  11.825
 14.894,  12.574
 15.719,  13.329
 16.548,  14.088
 17.382,  14.853
 18.218,  15.623
 19.058,  16.397
 19.9,  17.175
 20.746,  17.957
 21.594,  18.742
 22.444,  19.532
 23.298,  20.324
 24.152,  21.12
 25.01,  21.919
 25.87,  22.721
 26.731,  23.525
 27.594,  24.333
 28.46,  25.143
 29.327, 25.955
 30.196,  26.77
 31.066,  27.587
 31.938,  28.406
 32.812,  29.228
 33.686,  30.051
 34.563,  30.877
 35.441,  31.704
 36.32,  32.534
 37.2,  33.365
 38.082,  34.198
 38.965,  35.032

